{
  "0": {
    "fdr": 0.5151515151515151,
    "tpr": 0.7619047619047619,
    "fpr": 0.10059171597633136,
    "structural_hamming_du": 22,
    "nnz": 33
  },
  "1": {
    "fdr": 0.696969696969697,
    "tpr": 0.625,
    "fpr": 0.13218390804597702,
    "structural_hamming_du": 29,
    "nnz": 33
  }
}