{
  "0": {
    "fdr": 0.8,
    "tpr": 0.09523809523809523,
    "fpr": 0.047337278106508875,
    "structural_hamming_du": 27,
    "nnz": 10
  },
  "1": {
    "fdr": 0.8,
    "tpr": 0.125,
    "fpr": 0.04597701149425287,
    "structural_hamming_du": 22,
    "nnz": 10
  }
}